image: my_world_map.pgm
resolution: 0.030054
origin: [-50.010000, -50.010000, 0.000000]
#origin: [-10.510, -15.010, 0.0]
negate: 0
occupied_thresh: 0.65
free_thresh: 0.196

